 0.0025E-03 
 0.0325E-03
 0.035E-03  
 0.038E-03 
 0.042E-03  
 0.045E-03  
 0.049E-03  
 0.054E-03  
 0.062E-03  
 0.068E-03  
 0.077E-03  
 0.086E-03  
 0.102E-03  
 0.11E-03   
 0.113E-03  
 0.125E-03  
 0.135E-03  
 0.14E-03   
 0.16E-03   
 0.175E-03  
 0.185E-03  
 0.195E-03  
 0.23E-03   
 0.29E-03   
 0.32E-03   
 0.35E-03   
 0.385E-03  
 0.44E-03   
 0.46E-03   
 0.53E-03   
 0.65E-03   
 0.75E-03   
 0.85E-03   
 0.95E-03   
 1.12E-03   
 1.35E-03   
 1.63E-03   
 1.9E-03    
 2.4E-03    
 3.1E-03    
 4.2E-03    
 5.7E-03    
 8.5E-03    
 12.5E-03   
 17.5E-03   
 25E-03     
 30E-03     
 46E-03     
 55E-03  
 70E-03  
 90E-03  
 125E-03 
 175E-03
 350E-03
5.000000E-01
6.000000E-01
7.000000E-01
8.000000E-01
9.000000E-01
1.000000E+00
1.100000E+00
1.200000E+00
1.300000E+00
1.400000E+00
1.500000E+00
1.600000E+00
1.700000E+00
1.800000E+00
1.900000E+00
2.000000E+00
2.100000E+00
2.200000E+00
2.300000E+00
2.400000E+00
2.500000E+00
2.600000E+00
2.700000E+00
2.800000E+00
2.900000E+00
3.000000E+00
3.100000E+00
3.200000E+00
3.300000E+00
3.400000E+00
3.500000E+00
3.600000E+00
3.700000E+00
3.800000E+00
3.900000E+00
4.000000E+00
4.100000E+00
4.200000E+00
4.300000E+00
4.400000E+00
4.500000E+00
4.600000E+00
4.700000E+00
4.800000E+00
4.900000E+00
5.000000E+00
5.100000E+00
5.200000E+00
5.300000E+00
5.400000E+00
5.500000E+00
5.600000E+00
5.700000E+00
5.800000E+00
5.900000E+00
6.000000E+00
6.100000E+00
6.200000E+00
6.300000E+00
6.400000E+00
6.500000E+00
6.600000E+00
6.700000E+00
6.800000E+00
6.900000E+00
7.000000E+00
7.100000E+00
7.200000E+00
7.300000E+00
7.400000E+00
7.500000E+00
7.600000E+00
7.700000E+00
7.800000E+00
7.900000E+00
8.000000E+00
8.100000E+00
8.200000E+00
8.300000E+00
8.400000E+00
8.500000E+00
8.600000E+00
8.700000E+00
8.800000E+00
8.900000E+00
9.000000E+00
9.100000E+00
9.200000E+00
9.300000E+00
9.400000E+00
9.500000E+00
9.600000E+00
9.700000E+00
9.800000E+00
9.900000E+00
1.000000E+01