# T     Reaction Rate

0.1     3.313414e+07
0.15    3.236374e+07
0.2     3.160325e+07
0.3     3.057065e+07
0.4     3.009375e+07
0.5     2.998682e+07
0.6     3.012272e+07
0.7     3.042076e+07
0.8     3.082797e+07
0.9     3.130790e+07
1       3.183423e+07
1.5     3.459626e+07
2       3.672440e+07
2.5     3.759534e+07
3       3.697407e+07
3.5     3.490463e+07
4       3.163969e+07
4.5     2.756039e+07
5       2.309173e+07
6       1.448354e+07
7       7.866777e+06
8       3.725592e+06
9       1.547655e+06
10      5.669035e+05