# U[MeV]  T[MeV]  NCUMUL   RHOOBS   RHOTOT     J=0      J=1      J=2      J=3      J=4      J=5      J=6      J=7      J=8      J=9     J=10     J=11     J=12     J=13     J=14     J=15     J=16     J=17     J=18     J=19     J=20     J=21     J=22     J=23     J=24     J=25     J=26     J=27     J=28     J=29
   0.25  0.915  2.09E-01 2.09E-01 2.09E-01  2.61E-02 6.04E-02 5.97E-02 3.82E-02 1.73E-02 5.73E-03 1.41E-03 2.62E-04 3.68E-05 3.93E-06 3.19E-07 1.98E-08 9.37E-10 3.40E-11 9.44E-13 2.01E-14 3.28E-16 4.11E-18 3.96E-20 2.93E-22 1.66E-24 7.24E-27 2.43E-29 6.26E-32 1.24E-34 1.89E-37 2.21E-40 2.00E-43 1.38E-46 7.38E-50
   0.50  0.915  3.51E-01 1.42E-01 1.42E-01  1.46E-02 3.54E-02 3.85E-02 2.84E-02 1.55E-02 6.51E-03 2.13E-03 5.51E-04 1.13E-04 1.84E-05 2.40E-06 2.51E-07 2.10E-08 1.41E-09 7.57E-11 3.28E-12 1.14E-13 3.20E-15 7.20E-17 1.31E-18 1.91E-20 2.25E-22 2.14E-24 1.63E-26 1.01E-28 5.01E-31 2.01E-33 6.49E-36 1.69E-38 3.56E-41
   0.75  0.915  5.92E-01 2.41E-01 2.41E-01  2.12E-02 5.30E-02 6.15E-02 5.00E-02 3.12E-02 1.54E-02 6.15E-03 2.00E-03 5.33E-04 1.17E-04 2.11E-05 3.16E-06 3.91E-07 4.02E-08 3.43E-09 2.43E-10 1.43E-11 6.98E-13 2.84E-14 9.61E-16 2.71E-17 6.35E-19 1.24E-20 2.02E-22 2.73E-24 3.08E-26 2.90E-28 2.27E-30 1.48E-32 8.06E-35
   1.00  0.915  2.30E+00 1.71E+00 1.71E+00  1.31E-01 3.36E-01 4.09E-01 3.57E-01 2.45E-01 1.37E-01 6.31E-02 2.43E-02 7.84E-03 2.13E-03 4.91E-04 9.57E-05 1.58E-05 2.22E-06 2.66E-07 2.70E-08 2.33E-09 1.72E-10 1.08E-11 5.76E-13 2.63E-14 1.02E-15 3.38E-17 9.57E-19 2.31E-20 4.76E-22 8.36E-24 1.25E-25 1.61E-27 1.76E-29
   1.25  0.915  6.64E+00 4.34E+00 4.34E+00  2.94E-01 7.67E-01 9.69E-01 8.95E-01 6.62E-01 4.05E-01 2.08E-01 9.12E-02 3.41E-02 1.10E-02 3.03E-03 7.24E-04 1.49E-04 2.67E-05 4.12E-06 5.52E-07 6.40E-08 6.45E-09 5.64E-10 4.28E-11 2.82E-12 1.61E-13 8.02E-15 3.46E-16 1.30E-17 4.24E-19 1.20E-20 2.97E-22 6.37E-24 1.19E-25
   1.50  0.915  7.63E+00 9.82E-01 9.82E-01  5.96E-02 1.58E-01 2.06E-01 1.98E-01 1.55E-01 1.02E-01 5.74E-02 2.78E-02 1.17E-02 4.28E-03 1.37E-03 3.84E-04 9.44E-05 2.03E-05 3.85E-06 6.42E-07 9.40E-08 1.21E-08 1.38E-09 1.38E-10 1.21E-11 9.43E-13 6.46E-14 3.90E-15 2.08E-16 9.75E-18 4.04E-19 1.47E-20 4.75E-22 1.35E-23
   1.75  0.915  9.31E+00 1.68E+00 1.68E+00  9.25E-02 2.48E-01 3.30E-01 3.30E-01 2.71E-01 1.89E-01 1.14E-01 6.00E-02 2.77E-02 1.13E-02 4.07E-03 1.30E-03 3.67E-04 9.22E-05 2.06E-05 4.09E-06 7.24E-07 1.14E-07 1.60E-08 2.00E-09 2.24E-10 2.22E-11 1.97E-12 1.56E-13 1.10E-14 6.96E-16 3.92E-17 1.97E-18 8.81E-20 3.53E-21
   2.00  0.915  1.67E+01 7.35E+00 7.35E+00  3.70E-01 1.00E+00 1.36E+00 1.40E+00 1.20E+00 8.76E-01 5.60E-01 3.15E-01 1.58E-01 7.00E-02 2.78E-02 9.87E-03 3.14E-03 8.95E-04 2.29E-04 5.27E-05 1.09E-05 2.03E-06 3.39E-07 5.10E-08 6.91E-09 8.44E-10 9.28E-11 9.19E-12 8.20E-13 6.59E-14 4.78E-15 3.12E-16 1.84E-17 9.75E-19
   2.25  0.915  3.97E+01 2.31E+01 2.31E+01  1.07E+00 2.92E+00 4.04E+00 4.26E+00 3.76E+00 2.87E+00 1.92E+00 1.15E+00 6.12E-01 2.93E-01 1.26E-01 4.90E-02 1.72E-02 5.45E-03 1.57E-03 4.07E-04 9.59E-05 2.05E-05 3.97E-06 6.99E-07 1.12E-07 1.62E-08 2.13E-09 2.54E-10 2.76E-11 2.72E-12 2.44E-13 1.99E-14 1.47E-15 9.91E-17
   2.50  0.915  7.49E+01 3.51E+01 3.51E+01  1.51E+00 4.15E+00 5.82E+00 6.27E+00 5.68E+00 4.49E+00 3.14E+00 1.97E+00 1.11E+00 5.66E-01 2.61E-01 1.10E-01 4.18E-02 1.45E-02 4.59E-03 1.33E-03 3.49E-04 8.40E-05 1.85E-05 3.71E-06 6.80E-07 1.14E-07 1.75E-08 2.46E-09 3.15E-10 3.70E-11 3.98E-12 3.91E-13 3.52E-14 2.90E-15
   2.75  0.915  1.13E+02 3.83E+01 3.83E+01  1.54E+00 4.25E+00 6.02E+00 6.61E+00 6.14E+00 5.00E+00 3.63E+00 2.37E+00 1.40E+00 7.54E-01 3.70E-01 1.66E-01 6.79E-02 2.55E-02 8.78E-03 2.77E-03 8.05E-04 2.14E-04 5.25E-05 1.18E-05 2.44E-06 4.65E-07 8.15E-08 1.31E-08 1.95E-09 2.66E-10 3.34E-11 3.86E-12 4.11E-13 4.03E-14
   3.00  0.915  1.60E+02 4.65E+01 4.65E+01  1.75E+00 4.86E+00 6.95E+00 7.75E+00 7.35E+00 6.14E+00 4.60E+00 3.12E+00 1.92E+00 1.08E+00 5.60E-01 2.66E-01 1.16E-01 4.67E-02 1.73E-02 5.91E-03 1.86E-03 5.43E-04 1.46E-04 3.63E-05 8.34E-06 1.77E-06 3.48E-07 6.33E-08 1.06E-08 1.66E-09 2.38E-10 3.18E-11 3.92E-12 4.47E-13
   3.25  0.915  2.44E+02 8.42E+01 8.42E+01  2.97E+00 8.30E+00 1.20E+01 1.35E+01 1.31E+01 1.12E+01 8.62E+00 6.03E+00 3.86E+00 2.27E+00 1.23E+00 6.13E-01 2.83E-01 1.21E-01 4.77E-02 1.75E-02 5.93E-03 1.87E-03 5.46E-04 1.48E-04 3.73E-05 8.73E-06 1.90E-06 3.83E-07 7.20E-08 1.26E-08 2.04E-09 3.08E-10 4.32E-11 5.63E-12
   3.50  0.915  3.68E+02 1.25E+02 1.25E+02  4.15E+00 1.16E+01 1.69E+01 1.94E+01 1.90E+01 1.66E+01 1.31E+01 9.44E+00 6.24E+00 3.80E+00 2.14E+00 1.12E+00 5.42E-01 2.44E-01 1.02E-01 3.97E-02 1.44E-02 4.86E-03 1.53E-03 4.48E-04 1.23E-04 3.12E-05 7.43E-06 1.65E-06 3.41E-07 6.60E-08 1.19E-08 2.00E-09 3.15E-10 4.63E-11
   3.75  0.915  5.77E+02 2.08E+02 2.08E+02  6.57E+00 1.85E+01 2.71E+01 3.14E+01 3.13E+01 2.78E+01 2.24E+01 1.66E+01 1.13E+01 7.10E+00 4.15E+00 2.26E+00 1.14E+00 5.38E-01 2.37E-01 9.74E-02 3.74E-02 1.34E-02 4.51E-03 1.42E-03 4.17E-04 1.15E-04 2.96E-05 7.13E-06 1.61E-06 3.41E-07 6.76E-08 1.26E-08 2.19E-09 3.57E-10
   4.00  0.915  8.64E+02 2.87E+02 2.87E+02  8.59E+00 2.42E+01 3.58E+01 4.18E+01 4.22E+01 3.81E+01 3.14E+01 2.37E+01 1.66E+01 1.07E+01 6.49E+00 3.66E+00 1.92E+00 9.47E-01 4.36E-01 1.88E-01 7.62E-02 2.89E-02 1.03E-02 3.44E-03 1.08E-03 3.19E-04 8.82E-05 2.29E-05 5.60E-06 1.29E-06 2.78E-07 5.64E-08 1.08E-08 1.93E-09
   4.25  0.915  1.26E+03 3.97E+02 3.97E+02  1.13E+01 3.20E+01 4.75E+01 5.60E+01 5.72E+01 5.25E+01 4.39E+01 3.39E+01 2.42E+01 1.61E+01 1.00E+01 5.84E+00 3.19E+00 1.63E+00 7.82E-01 3.53E-01 1.50E-01 5.98E-02 2.24E-02 7.93E-03 2.64E-03 8.28E-04 2.44E-04 6.80E-05 1.78E-05 4.41E-06 1.03E-06 2.26E-07 4.68E-08 9.14E-09
   4.50  0.915  1.82E+03 5.55E+02 5.55E+02  1.51E+01 4.28E+01 6.39E+01 7.59E+01 7.84E+01 7.28E+01 6.20E+01 4.87E+01 3.56E+01 2.43E+01 1.55E+01 9.30E+00 5.23E+00 2.77E+00 1.38E+00 6.49E-01 2.87E-01 1.20E-01 4.73E-02 1.76E-02 6.17E-03 2.05E-03 6.41E-04 1.90E-04 5.31E-05 1.40E-05 3.50E-06 8.27E-07 1.85E-07 3.90E-08
   4.75  0.915  2.53E+03 7.13E+02 7.13E+02  1.85E+01 5.27E+01 7.91E+01 9.46E+01 9.86E+01 9.28E+01 8.01E+01 6.40E+01 4.77E+01 3.33E+01 2.18E+01 1.34E+01 7.77E+00 4.25E+00 2.19E+00 1.07E+00 4.91E-01 2.14E-01 8.80E-02 3.43E-02 1.26E-02 4.41E-03 1.46E-03 4.56E-04 1.35E-04 3.80E-05 1.01E-05 2.55E-06 6.09E-07 1.38E-07
   5.00  0.915  3.47E+03 9.41E+02 9.41E+02  2.34E+01 6.68E+01 1.01E+02 1.21E+02 1.28E+02 1.21E+02 1.06E+02 8.61E+01 6.54E+01 4.65E+01 3.11E+01 1.96E+01 1.17E+01 6.58E+00 3.50E+00 1.76E+00 8.41E-01 3.80E-01 1.63E-01 6.62E-02 2.55E-02 9.33E-03 3.24E-03 1.07E-03 3.34E-04 9.91E-05 2.79E-05 7.48E-06 1.90E-06 4.60E-07
   5.50  0.915  5.40E+03 1.94E+03 1.94E+03  4.44E+01 1.27E+02 1.93E+02 2.36E+02 2.52E+02 2.44E+02 2.19E+02 1.83E+02 1.43E+02 1.05E+02 7.33E+01 4.83E+01 3.01E+01 1.79E+01 1.00E+01 5.36E+00 2.72E+00 1.32E+00 6.06E-01 2.65E-01 1.11E-01 4.39E-02 1.66E-02 5.99E-03 2.06E-03 6.75E-04 2.11E-04 6.28E-05 1.78E-05 4.83E-06
   6.00  0.915  9.39E+03 3.98E+03 3.98E+03  8.48E+01 2.44E+02 3.73E+02 4.59E+02 4.97E+02 4.90E+02 4.48E+02 3.83E+02 3.08E+02 2.34E+02 1.68E+02 1.15E+02 7.48E+01 4.63E+01 2.73E+01 1.53E+01 8.22E+00 4.20E+00 2.05E+00 9.59E-01 4.28E-01 1.82E-01 7.43E-02 2.89E-02 1.08E-02 3.84E-03 1.31E-03 4.27E-04 1.33E-04 3.98E-05
   6.50  0.915  1.73E+04 7.86E+03 7.86E+03  1.56E+02 4.50E+02 6.92E+02 8.59E+02 9.42E+02 9.43E+02 8.76E+02 7.64E+02 6.29E+02 4.91E+02 3.64E+02 2.57E+02 1.73E+02 1.11E+02 6.81E+01 4.00E+01 2.24E+01 1.21E+01 6.21E+00 3.06E+00 1.45E+00 6.56E-01 2.85E-01 1.19E-01 4.74E-02 1.82E-02 6.68E-03 2.36E-03 7.97E-04 2.59E-04
   7.00  0.915  3.25E+04 1.53E+04 1.53E+04  2.84E+02 8.22E+02 1.27E+03 1.59E+03 1.76E+03 1.78E+03 1.68E+03 1.50E+03 1.26E+03 1.00E+03 7.62E+02 5.53E+02 3.83E+02 2.55E+02 1.62E+02 9.87E+01 5.77E+01 3.24E+01 1.75E+01 9.04E+00 4.49E+00 2.15E+00 9.86E-01 4.35E-01 1.85E-01 7.55E-02 2.96E-02 1.12E-02 4.07E-03 1.42E-03
   7.50  0.915  6.28E+04 3.03E+04 3.03E+04  5.30E+02 1.53E+03 2.38E+03 3.00E+03 3.35E+03 3.44E+03 3.29E+03 2.96E+03 2.54E+03 2.06E+03 1.60E+03 1.19E+03 8.50E+02 5.81E+02 3.81E+02 2.40E+02 1.46E+02 8.49E+01 4.76E+01 2.57E+01 1.34E+01 6.70E+00 3.23E+00 1.50E+00 6.73E-01 2.91E-01 1.21E-01 4.85E-02 1.88E-02 7.00E-03
   8.00  0.915  1.34E+05 7.14E+04 7.14E+04  1.18E+03 3.42E+03 5.34E+03 6.76E+03 7.61E+03 7.88E+03 7.63E+03 6.98E+03 6.06E+03 5.02E+03 3.98E+03 3.03E+03 2.21E+03 1.55E+03 1.05E+03 6.79E+02 4.25E+02 2.56E+02 1.49E+02 8.35E+01 4.52E+01 2.36E+01 1.19E+01 5.78E+00 2.71E+00 1.23E+00 5.40E-01 2.28E-01 9.34E-02 3.69E-02
   8.50  0.915  2.77E+05 1.43E+05 1.43E+05  2.24E+03 6.50E+03 1.02E+04 1.30E+04 1.47E+04 1.53E+04 1.50E+04 1.39E+04 1.23E+04 1.03E+04 8.33E+03 6.45E+03 4.81E+03 3.45E+03 2.39E+03 1.59E+03 1.02E+03 6.37E+02 3.82E+02 2.22E+02 1.24E+02 6.73E+01 3.53E+01 1.79E+01 8.76E+00 4.15E+00 1.91E+00 8.46E-01 3.63E-01 1.51E-01
   9.00  0.915  5.63E+05 2.86E+05 2.86E+05  4.25E+03 1.24E+04 1.94E+04 2.49E+04 2.84E+04 2.99E+04 2.95E+04 2.76E+04 2.47E+04 2.11E+04 1.73E+04 1.36E+04 1.04E+04 7.59E+03 5.36E+03 3.66E+03 2.42E+03 1.54E+03 9.54E+02 5.70E+02 3.30E+02 1.85E+02 1.00E+02 5.27E+01 2.68E+01 1.32E+01 6.33E+00 2.94E+00 1.32E+00 5.74E-01
   9.50  0.915  1.14E+06 5.73E+05 5.73E+05  8.11E+03 2.36E+04 3.72E+04 4.79E+04 5.49E+04 5.82E+04 5.80E+04 5.49E+04 4.95E+04 4.29E+04 3.57E+04 2.86E+04 2.21E+04 1.65E+04 1.19E+04 8.30E+03 5.61E+03 3.67E+03 2.33E+03 1.43E+03 8.51E+02 4.91E+02 2.75E+02 1.50E+02 7.88E+01 4.03E+01 2.00E+01 9.64E+00 4.51E+00 2.05E+00
  10.00  0.915  2.28E+06 1.15E+06 1.15E+06  1.55E+04 4.52E+04 7.14E+04 9.22E+04 1.06E+05 1.13E+05 1.14E+05 1.09E+05 9.92E+04 8.69E+04 7.32E+04 5.95E+04 4.67E+04 3.55E+04 2.61E+04 1.86E+04 1.28E+04 8.56E+03 5.56E+03 3.50E+03 2.14E+03 1.27E+03 7.32E+02 4.10E+02 2.23E+02 1.18E+02 6.05E+01 3.02E+01 1.46E+01 6.90E+00
  11.00  0.915  6.89E+06 4.60E+06 4.60E+06  5.69E+04 1.67E+05 2.64E+05 3.43E+05 4.00E+05 4.31E+05 4.39E+05 4.26E+05 3.96E+05 3.54E+05 3.05E+05 2.54E+05 2.05E+05 1.60E+05 1.22E+05 8.97E+04 6.42E+04 4.46E+04 3.02E+04 1.98E+04 1.27E+04 7.90E+03 4.79E+03 2.83E+03 1.62E+03 9.08E+02 4.95E+02 2.63E+02 1.36E+02 6.84E+01
  12.00  0.915  2.54E+07 1.85E+07 1.85E+07  2.11E+05 6.18E+05 9.83E+05 1.29E+06 1.51E+06 1.64E+06 1.69E+06 1.66E+06 1.57E+06 1.43E+06 1.26E+06 1.07E+06 8.82E+05 7.08E+05 5.52E+05 4.18E+05 3.09E+05 2.22E+05 1.55E+05 1.06E+05 7.04E+04 4.56E+04 2.89E+04 1.78E+04 1.07E+04 6.29E+03 3.60E+03 2.01E+03 1.10E+03 5.86E+02
