# U[MeV]  T[MeV]  NCUMUL   RHOOBS   RHOTOT     J=0      J=1      J=2      J=3      J=4      J=5      J=6      J=7      J=8      J=9     J=10     J=11     J=12     J=13     J=14     J=15     J=16     J=17     J=18     J=19     J=20     J=21     J=22     J=23     J=24     J=25     J=26     J=27     J=28     J=29
   0.25  0.915  4.31E+00 4.31E+00 4.31E+00  2.69E-01 7.10E-01 9.17E-01 8.76E-01 6.76E-01 4.37E-01 2.40E-01 1.13E-01 4.63E-02 1.64E-02 5.07E-03 1.37E-03 3.21E-04 6.61E-05 1.19E-05 1.88E-06 2.60E-07 3.15E-08 3.35E-09 3.13E-10 2.57E-11 1.85E-12 1.17E-13 6.50E-15 3.17E-16 1.36E-17 5.13E-19 1.70E-20 4.96E-22 1.27E-23
   0.50  0.915  9.44E+00 5.14E+00 5.14E+00  3.21E-01 8.47E-01 1.09E+00 1.04E+00 8.06E-01 5.21E-01 2.86E-01 1.35E-01 5.53E-02 1.96E-02 6.05E-03 1.63E-03 3.83E-04 7.88E-05 1.42E-05 2.24E-06 3.10E-07 3.76E-08 4.00E-09 3.73E-10 3.06E-11 2.20E-12 1.39E-13 7.75E-15 3.78E-16 1.62E-17 6.12E-19 2.03E-20 5.91E-22 1.51E-23
   0.75  0.915  1.94E+01 9.95E+00 9.95E+00  6.21E-01 1.64E+00 2.12E+00 2.02E+00 1.56E+00 1.01E+00 5.55E-01 2.62E-01 1.07E-01 3.80E-02 1.17E-02 3.16E-03 7.42E-04 1.53E-04 2.75E-05 4.34E-06 6.00E-07 7.28E-08 7.75E-09 7.24E-10 5.93E-11 4.27E-12 2.70E-13 1.50E-14 7.33E-16 3.15E-17 1.19E-18 3.93E-20 1.15E-21 2.93E-23
   1.00  0.915  3.52E+01 1.58E+01 1.58E+01  9.86E-01 2.60E+00 3.36E+00 3.21E+00 2.48E+00 1.60E+00 8.80E-01 4.16E-01 1.70E-01 6.02E-02 1.86E-02 5.01E-03 1.18E-03 2.42E-04 4.36E-05 6.88E-06 9.52E-07 1.15E-07 1.23E-08 1.15E-09 9.41E-11 6.78E-12 4.29E-13 2.38E-14 1.16E-15 4.99E-17 1.88E-18 6.24E-20 1.82E-21 4.66E-23
   1.25  0.915  5.54E+01 2.02E+01 2.02E+01  1.09E+00 2.94E+00 3.93E+00 3.95E+00 3.27E+00 2.30E+00 1.41E+00 7.50E-01 3.52E-01 1.46E-01 5.35E-02 1.74E-02 5.05E-03 1.30E-03 2.99E-04 6.12E-05 1.12E-05 1.82E-06 2.64E-07 3.43E-08 3.98E-09 4.13E-10 3.82E-11 3.16E-12 2.34E-13 1.55E-14 9.18E-16 4.86E-17 2.30E-18 9.74E-20
   1.50  0.915  9.02E+01 3.48E+01 3.48E+01  1.54E+00 4.22E+00 5.88E+00 6.29E+00 5.64E+00 4.40E+00 3.03E+00 1.87E+00 1.03E+00 5.13E-01 2.31E-01 9.41E-02 3.48E-02 1.17E-02 3.57E-03 9.90E-04 2.50E-04 5.76E-05 1.21E-05 2.31E-06 4.03E-07 6.40E-08 9.27E-09 1.23E-09 1.48E-10 1.63E-11 1.64E-12 1.50E-13 1.26E-14 9.60E-16
   1.75  0.915  1.47E+02 5.73E+01 5.73E+01  2.14E+00 5.96E+00 8.54E+00 9.52E+00 9.04E+00 7.56E+00 5.67E+00 3.85E+00 2.38E+00 1.34E+00 6.95E-01 3.30E-01 1.45E-01 5.82E-02 2.16E-02 7.41E-03 2.34E-03 6.85E-04 1.85E-04 4.61E-05 1.06E-05 2.27E-06 4.47E-07 8.16E-08 1.38E-08 2.15E-09 3.11E-10 4.17E-11 5.17E-12 5.93E-13
   2.00  0.915  2.36E+02 8.82E+01 8.82E+01  2.86E+00 8.04E+00 1.18E+01 1.35E+01 1.34E+01 1.18E+01 9.38E+00 6.84E+00 4.58E+00 2.84E+00 1.63E+00 8.66E-01 4.28E-01 1.97E-01 8.45E-02 3.37E-02 1.26E-02 4.37E-03 1.42E-03 4.30E-04 1.22E-04 3.21E-05 7.94E-06 1.83E-06 3.96E-07 7.99E-08 1.51E-08 2.66E-09 4.39E-10 6.77E-11
   2.25  0.915  3.75E+02 1.39E+02 1.39E+02  3.99E+00 1.13E+01 1.68E+01 1.97E+01 2.01E+01 1.84E+01 1.54E+01 1.19E+01 8.46E+00 5.62E+00 3.48E+00 2.02E+00 1.10E+00 5.59E-01 2.67E-01 1.20E-01 5.06E-02 2.01E-02 7.50E-03 2.64E-03 8.72E-04 2.71E-04 7.96E-05 2.20E-05 5.72E-06 1.40E-06 3.24E-07 7.07E-08 1.45E-08 2.81E-09
   2.50  0.915  5.64E+02 1.89E+02 1.89E+02  4.85E+00 1.38E+01 2.08E+01 2.49E+01 2.60E+01 2.46E+01 2.13E+01 1.71E+01 1.28E+01 9.01E+00 5.94E+00 3.68E+00 2.15E+00 1.19E+00 6.19E-01 3.05E-01 1.42E-01 6.25E-02 2.61E-02 1.03E-02 3.85E-03 1.36E-03 4.58E-04 1.46E-04 4.39E-05 1.26E-05 3.41E-06 8.76E-07 2.14E-07 4.94E-08
   2.75  0.915  9.38E+02 3.74E+02 3.74E+02  8.66E+00 2.48E+01 3.76E+01 4.58E+01 4.88E+01 4.73E+01 4.22E+01 3.51E+01 2.74E+01 2.01E+01 1.39E+01 9.12E+00 5.66E+00 3.33E+00 1.86E+00 9.86E-01 4.97E-01 2.38E-01 1.09E-01 4.72E-02 1.95E-02 7.66E-03 2.87E-03 1.02E-03 3.47E-04 1.12E-04 3.47E-05 1.02E-05 2.86E-06 7.63E-07
   3.00  0.915  1.45E+03 5.08E+02 5.08E+02  1.07E+01 3.09E+01 4.73E+01 5.83E+01 6.32E+01 6.24E+01 5.71E+01 4.89E+01 3.94E+01 3.00E+01 2.17E+01 1.48E+01 9.67E+00 6.00E+00 3.55E+00 2.00E+00 1.08E+00 5.54E-01 2.72E-01 1.27E-01 5.71E-02 2.45E-02 1.00E-02 3.93E-03 1.47E-03 5.28E-04 1.81E-04 5.95E-05 1.87E-05 5.62E-06
   3.25  0.915  2.26E+03 8.12E+02 8.12E+02  1.58E+01 4.56E+01 7.03E+01 8.75E+01 9.62E+01 9.66E+01 9.03E+01 7.92E+01 6.56E+01 5.15E+01 3.85E+01 2.74E+01 1.86E+01 1.21E+01 7.49E+00 4.45E+00 2.53E+00 1.38E+00 7.19E-01 3.60E-01 1.73E-01 7.96E-02 3.52E-02 1.49E-02 6.07E-03 2.37E-03 8.89E-04 3.20E-04 1.11E-04 3.68E-05
   3.50  0.915  3.57E+03 1.31E+03 1.31E+03  2.36E+01 6.83E+01 1.06E+02 1.33E+02 1.48E+02 1.51E+02 1.43E+02 1.28E+02 1.09E+02 8.77E+01 6.74E+01 4.95E+01 3.48E+01 2.35E+01 1.52E+01 9.42E+00 5.61E+00 3.21E+00 1.77E+00 9.36E-01 4.76E-01 2.33E-01 1.10E-01 4.98E-02 2.18E-02 9.14E-03 3.70E-03 1.44E-03 5.42E-04 1.96E-04
   3.75  0.915  5.68E+03 2.11E+03 2.11E+03  3.54E+01 1.03E+02 1.60E+02 2.02E+02 2.27E+02 2.35E+02 2.26E+02 2.06E+02 1.79E+02 1.47E+02 1.16E+02 8.77E+01 6.36E+01 4.43E+01 2.97E+01 1.91E+01 1.19E+01 7.08E+00 4.08E+00 2.26E+00 1.21E+00 6.26E-01 3.12E-01 1.50E-01 6.94E-02 3.11E-02 1.34E-02 5.60E-03 2.26E-03 8.78E-04
   4.00  0.915  9.57E+03 3.89E+03 3.89E+03  6.11E+01 1.78E+02 2.78E+02 3.54E+02 4.01E+02 4.19E+02 4.10E+02 3.79E+02 3.34E+02 2.81E+02 2.26E+02 1.75E+02 1.30E+02 9.34E+01 6.45E+01 4.29E+01 2.76E+01 1.71E+01 1.02E+01 5.93E+00 3.32E+00 1.79E+00 9.36E-01 4.73E-01 2.31E-01 1.09E-01 5.00E-02 2.21E-02 9.48E-03 3.93E-03
   4.25  0.915  1.34E+04 3.87E+03 3.87E+03  5.70E+01 1.66E+02 2.61E+02 3.34E+02 3.82E+02 4.02E+02 3.98E+02 3.73E+02 3.33E+02 2.85E+02 2.35E+02 1.85E+02 1.41E+02 1.04E+02 7.36E+01 5.04E+01 3.34E+01 2.14E+01 1.33E+01 7.97E+00 4.63E+00 2.61E+00 1.42E+00 7.50E-01 3.84E-01 1.91E-01 9.16E-02 4.27E-02 1.93E-02 8.46E-03
   4.50  0.915  2.05E+04 7.05E+03 7.05E+03  9.80E+01 2.86E+02 4.51E+02 5.80E+02 6.67E+02 7.09E+02 7.09E+02 6.72E+02 6.09E+02 5.30E+02 4.43E+02 3.57E+02 2.77E+02 2.08E+02 1.51E+02 1.06E+02 7.24E+01 4.78E+01 3.05E+01 1.89E+01 1.14E+01 6.64E+00 3.76E+00 2.06E+00 1.10E+00 5.70E-01 2.86E-01 1.40E-01 6.62E-02 3.05E-02
   4.75  0.915  3.30E+04 1.25E+04 1.25E+04  1.65E+02 4.82E+02 7.62E+02 9.86E+02 1.14E+03 1.22E+03 1.23E+03 1.18E+03 1.08E+03 9.55E+02 8.10E+02 6.64E+02 5.25E+02 4.03E+02 2.99E+02 2.15E+02 1.50E+02 1.01E+02 6.66E+01 4.25E+01 2.63E+01 1.59E+01 9.28E+00 5.28E+00 2.92E+00 1.57E+00 8.21E-01 4.17E-01 2.06E-01 9.93E-02
   5.00  0.915  5.69E+04 2.38E+04 2.38E+04  2.98E+02 8.71E+02 1.38E+03 1.79E+03 2.08E+03 2.25E+03 2.29E+03 2.21E+03 2.05E+03 1.83E+03 1.57E+03 1.31E+03 1.05E+03 8.21E+02 6.21E+02 4.56E+02 3.25E+02 2.25E+02 1.52E+02 9.93E+01 6.32E+01 3.92E+01 2.36E+01 1.39E+01 7.92E+00 4.41E+00 2.39E+00 1.26E+00 6.47E-01 3.24E-01
   5.50  0.915  1.13E+05 5.60E+04 5.60E+04  6.33E+02 1.86E+03 2.96E+03 3.87E+03 4.54E+03 4.95E+03 5.11E+03 5.03E+03 4.75E+03 4.33E+03 3.81E+03 3.25E+03 2.69E+03 2.16E+03 1.69E+03 1.29E+03 9.51E+02 6.86E+02 4.81E+02 3.30E+02 2.20E+02 1.43E+02 9.09E+01 5.63E+01 3.40E+01 2.01E+01 1.16E+01 6.49E+00 3.56E+00 1.91E+00
   6.00  0.915  3.43E+05 2.30E+05 2.30E+05  2.38E+03 7.00E+03 1.12E+04 1.47E+04 1.74E+04 1.92E+04 2.00E+04 2.00E+04 1.92E+04 1.78E+04 1.60E+04 1.39E+04 1.18E+04 9.71E+03 7.80E+03 6.10E+03 4.66E+03 3.47E+03 2.52E+03 1.79E+03 1.24E+03 8.43E+02 5.59E+02 3.62E+02 2.29E+02 1.42E+02 8.59E+01 5.09E+01 2.95E+01 1.67E+01
   6.50  0.915  7.99E+05 4.56E+05 4.56E+05  4.36E+03 1.28E+04 2.06E+04 2.72E+04 3.24E+04 3.60E+04 3.79E+04 3.82E+04 3.72E+04 3.50E+04 3.19E+04 2.83E+04 2.45E+04 2.06E+04 1.69E+04 1.36E+04 1.06E+04 8.15E+03 6.10E+03 4.47E+03 3.21E+03 2.25E+03 1.54E+03 1.04E+03 6.84E+02 4.41E+02 2.79E+02 1.72E+02 1.05E+02 6.21E+01
   7.00  0.915  2.04E+06 1.24E+06 1.24E+06  1.10E+04 3.24E+04 5.21E+04 6.91E+04 8.28E+04 9.26E+04 9.83E+04 1.00E+05 9.85E+04 9.39E+04 8.69E+04 7.83E+04 6.88E+04 5.90E+04 4.94E+04 4.05E+04 3.24E+04 2.54E+04 1.95E+04 1.47E+04 1.08E+04 7.83E+03 5.54E+03 3.85E+03 2.62E+03 1.75E+03 1.15E+03 7.37E+02 4.65E+02 2.88E+02
   7.50  0.915  5.41E+06 3.37E+06 3.37E+06  2.78E+04 8.21E+04 1.32E+05 1.76E+05 2.12E+05 2.39E+05 2.56E+05 2.63E+05 2.61E+05 2.51E+05 2.35E+05 2.15E+05 1.91E+05 1.67E+05 1.42E+05 1.19E+05 9.68E+04 7.75E+04 6.09E+04 4.69E+04 3.54E+04 2.62E+04 1.91E+04 1.36E+04 9.54E+03 6.57E+03 4.44E+03 2.95E+03 1.92E+03 1.23E+03
   8.00  0.915  1.46E+07 9.17E+06 9.17E+06  7.30E+04 2.15E+05 3.48E+05 4.64E+05 5.60E+05 6.32E+05 6.79E+05 7.00E+05 6.99E+05 6.76E+05 6.37E+05 5.86E+05 5.26E+05 4.61E+05 3.96E+05 3.34E+05 2.75E+05 2.23E+05 1.77E+05 1.37E+05 1.05E+05 7.88E+04 5.80E+04 4.20E+04 2.99E+04 2.09E+04 1.43E+04 9.66E+03 6.40E+03 4.17E+03
   8.50  0.915  3.95E+07 2.49E+07 2.49E+07  1.93E+05 5.69E+05 9.19E+05 1.23E+06 1.48E+06 1.68E+06 1.81E+06 1.87E+06 1.87E+06 1.82E+06 1.73E+06 1.59E+06 1.44E+06 1.27E+06 1.10E+06 9.32E+05 7.74E+05 6.31E+05 5.05E+05 3.97E+05 3.06E+05 2.32E+05 1.73E+05 1.26E+05 9.09E+04 6.42E+04 4.46E+04 3.05E+04 2.05E+04 1.35E+04
   9.00  0.915  1.07E+08 6.77E+07 6.77E+07  5.09E+05 1.50E+06 2.43E+06 3.25E+06 3.94E+06 4.47E+06 4.82E+06 5.01E+06 5.03E+06 4.91E+06 4.67E+06 4.34E+06 3.93E+06 3.49E+06 3.04E+06 2.59E+06 2.17E+06 1.78E+06 1.44E+06 1.14E+06 8.86E+05 6.78E+05 5.09E+05 3.76E+05 2.74E+05 1.95E+05 1.37E+05 9.50E+04 6.46E+04 4.32E+04
   9.50  0.915  2.91E+08 1.84E+08 1.84E+08  1.35E+06 3.98E+06 6.44E+06 8.63E+06 1.05E+07 1.19E+07 1.29E+07 1.34E+07 1.35E+07 1.32E+07 1.26E+07 1.18E+07 1.07E+07 9.59E+06 8.39E+06 7.20E+06 6.07E+06 5.02E+06 4.07E+06 3.25E+06 2.55E+06 1.97E+06 1.49E+06 1.11E+06 8.16E+05 5.89E+05 4.18E+05 2.92E+05 2.01E+05 1.36E+05
